Modbus holding-register scan
port=COM8  slave=10  baud=9600 8N1  range=0x0-0x2100
started=2026-07-24 21:28:10

  ADDR(dec)   ADDR(hex)   RAW    UINT16   FLOAT32(this,next)
  0           0x0         0067   103      9.460038414496586e-39
  1           0x1         02BD   701      2.7771054038176542e-37
  2           0x2         0000   0        0.0
  3           0x3         0000   0        1.401298464324817e-45
  4           0x4         0001   1        9.183549615799121e-41
  5           0x5         0000   0        2.802596928649634e-43
  6           0x6         00C8   200      1.8367113244582886e-38
  7           0x7         000A   10       9.183605667737694e-40
  8           0x8         0004   4        3.6734198463196485e-40
  9           0x9         0000   0        1.401298464324817e-44
  10          0xa         000A   10       9.183563628783764e-40
  11          0xb         0001   1        9.184110135184851e-41
  12          0xc         0004   4        3.6734198463196485e-40
  13          0xd         0000   0        0.0
  14          0xe         0000   0        0.0
  15          0xf         0000   0        0.0
  16          0x10        0000   0        0.0
  17          0x11        0000   0        0.0
  18          0x12        0000   0        0.0
  19          0x13        0000   0        0.0
  20          0x14        0000   0        0.0
  21          0x15        0000   0        0.0
  22          0x16        0000   0        0.0
  23          0x17        0000   0        0.0
  24          0x18        0000   0        0.0
  25          0x19        0000   0        0.0
  26          0x1a        0000   0        0.0
  27          0x1b        0000   0        0.0
  28          0x1c        0000   0        0.0
  29          0x1d        0000   0        0.0
  30          0x1e        0000   0        0.0
  31          0x1f        0000   0        0.0
  32          0x20        0000   0        0.0
  33          0x21        0000   0        0.0
  34          0x22        0000   0        0.0
  35          0x23        0000   0        0.0
  36          0x24        0000   0        0.0
  37          0x25        0000   0        0.0
  38          0x26        0000   0        0.0
  39          0x27        0000   0        0.0
  40          0x28        0000   0        0.0
  41          0x29        0000   0        0.0
  42          0x2a        0000   0        1.1070257868166055e-42
  43          0x2b        0316   790      4.408103815583578e-37
  44          0x2c        0000   0        4.203895392974451e-45
  45          0x2d        0003   3        2.755205014586169e-40
  46          0x2e        000A   10       9.183549615799121e-40
  47          0x2f        0000   0        0.0
  48          0x30        0000   0        0.0
  49          0x31        0000   0        0.0
  50          0x32        0000   0        0.0
  51          0x33        0000   0        0.0
  52          0x34        0000   0        2.992192610872782e-41
  53          0x35        5369   21353    1000744288256.0
  54          0x36        0102   258      2.3903797619961314e-38
  55          0x37        2508   9480     1.1796119636642288e-16
  56          0x38        0000   0        0.0
  57          0x39        0000   0        0.0
  58          0x3a        0000   0        0.0
  59          0x3b        0000   0        0.0
  60          0x3c        0000   0        0.0
  61          0x3d        0000   0        0.0
  62          0x3e        0000   0        0.0
  63          0x3f        0000   0        0.0
  64          0x40        0000   0        0.0
  65          0x41        0000   0        0.0
  66          0x42        0000   0        4.203895392974451e-45
  67          0x43        0003   3        2.755092910709023e-40
  68          0x44        0002   2        1.837200377622338e-40
  69          0x45        0023   35       3.2142423655296924e-39
  70          0x46        0000   0        (no pair)
  4096        0x1000      3D83   15747    0.06400000303983688
  4097        0x1001      126F   4719     7.541510253912873e-28
  4098        0x1002      0000   0        0.0
  4099        0x1003      0000   0        0.0
  4100        0x1004      0000   0        0.0
  4101        0x1005      0000   0        0.0
  4102        0x1006      0000   0        0.0
  4103        0x1007      0000   0        0.0
  4104        0x1008      0000   0        0.0
  4105        0x1009      0000   0        2.1665475556925997e-41
  4106        0x100a      3C65   15461    0.014000000432133675
  4107        0x100b      6042   24642    5.591669297343208e+19
  4108        0x100c      0000   0        0.0
  4109        0x100d      0000   0        0.0
  4110        0x100e      0000   0        0.0
  4111        0x100f      0000   0        0.0
  4112        0x1010      0000   0        0.0
  4113        0x1011      0000   0        0.0
  4114        0x1012      0000   0        0.0
  4115        0x1013      0000   0        2.1619232707603278e-41
  4116        0x1014      3C44   15428    0.012000000104308128
  4117        0x1015      9BA6   39846    -2.746239633676052e-22
  4118        0x1016      0000   0        0.0
  4119        0x1017      0000   0        0.0
  4120        0x1018      0000   0        0.0
  4121        0x1019      0000   0        0.0
  4122        0x101a      0000   0        0.0
  4123        0x101b      0000   0        0.0
  4124        0x101c      0000   0        0.0
  4125        0x101d      0000   0        2.1903696295861216e-41
  4126        0x101e      3D0F   15631    0.03500000014901161
  4127        0x101f      5C29   23593    1.9054156834249114e+17
  4128        0x1020      3C23   15395    0.009999999776482582
  4129        0x1021      D70A   55050    -151991443521536.0
  4130        0x1022      3C44   15428    0.012000000104308128
  4131        0x1023      9BA6   39846    -2.750130169442857e-22
  4132        0x1024      3C34   15412    0.010999999940395355
  4133        0x1025      3958   14680    0.0002062211133306846
  4134        0x1026      3D0F   15631    0.03500000014901161
  4135        0x1027      5C29   23593    1.905450386760663e+17
  4136        0x1028      3CED   15597    0.028999999165534973
  4137        0x1029      9168   37224    -1.8320065539712237e-28
  4138        0x102a      3C03   15363    0.00800000037997961
  4139        0x102b      126F   4719     7.548922676786333e-28
  4140        0x102c      3C23   15395    0.009999999776482582
  4141        0x102d      D70A   55050    -151990889873408.0
  4142        0x102e      3C23   15395    0.009999999776482582
  4143        0x102f      D70A   55050    -151994278871040.0
  4144        0x1030      3CED   15597    0.028999999165534973
  4145        0x1031      9168   37224    (no pair)
  5386        0x150a      43C4   17348    392.5
  5387        0x150b      4000   16384    2.004135847091675
  5388        0x150c      43C3   17347    391.1000061035156
  5389        0x150d      8CCD   36045    -3.16260360399468e-31
  5390        0x150e      43C4   17348    392.1000061035156
  5391        0x150f      0CCD   3277     3.162580799404274e-31
  5392        0x1510      4363   17251    227.1999969482422
  5393        0x1511      3333   13107    4.173796952500197e-08
  5394        0x1512      4362   17250    226.10000610351562
  5395        0x1513      199A   6554     1.5950440915154097e-23
  5396        0x1514      4361   17249    225.8000030517578
  5397        0x1515      CCCD   52429    -107611904.0
  5398        0x1516      40E0   16608    7.0
  5399        0x1517      0000   0        2.333021813254388e-41
  5400        0x1518      4109   16649    8.600000381469727
  5401        0x1519      999A   39322    -1.5949469038518865e-23
  5402        0x151a      40F9   16633    7.800000190734863
  5403        0x151b      999A   39322    -1.6000877525990308e-23
  5404        0x151c      C041   49217    -3.0199999809265137
  5405        0x151d      47AE   18350    89470.7578125
  5406        0x151e      BF61   48993    -0.8799999952316284
  5407        0x151f      47AE   18350    89471.1171875
  5408        0x1520      BF8F   49039    -1.1200000047683716
  5409        0x1521      5C29   23593    1.9111934452301824e+17
  5410        0x1522      BF82   49026    -1.0199999809265137
  5411        0x1523      8F5C   36700    -1.085909343300923e-29
  5412        0x1524      3FA3   16291    1.2799999713897705
  5413        0x1525      D70A   55050    -152000855539712.0
  5414        0x1526      3E75   15989    0.23999999463558197
  5415        0x1527      C28F   49807    -71.6233139038086
  5416        0x1528      3F23   16163    0.6399999856948853
  5417        0x1529      D70A   55050    -152002315157504.0
  5418        0x152a      3ECC   16076    0.4000000059604645
  5419        0x152b      CCCD   52429    -107611480.0
  5420        0x152c      40AB   16555    5.360000133514404
  5421        0x152d      851F   34079    -7.487863858962098e-36
  5422        0x152e      3FCF   16335    1.6200000047683716
  5423        0x152f      5C29   23593    1.9055842179416064e+17
  5424        0x1530      3FF8   16376    1.940000057220459
  5425        0x1531      51EC   20972    126835499008.0
  5426        0x1532      3FE1   16353    1.7599999904632568
  5427        0x1533      47AE   18350    89470.140625
  5428        0x1534      BF12   48914    -0.5709999799728394
  5429        0x1535      2D0E   11534    8.114188140839751e-12
  5430        0x1536      BF0E   48910    -0.5559999942779541
  5431        0x1537      5604   22020    36489048096768.0
  5432        0x1538      BF13   48915    -0.5770000219345093
  5433        0x1539      B646   46662    -2.961552127089817e-06
  5434        0x153a      BF14   48916    -0.5789999961853027
  5435        0x153b      3958   14680    0.0002062431158265099
  5436        0x153c      42F7   17143    123.69999694824219
  5437        0x153d      6666   26214    2.7184494764184818e+23
  5438        0x153e      42FA   17146    125.19999694824219
  5439        0x153f      6666   26214    2.7184494764184818e+23
  5440        0x1540      42FA   17146    125.30000305175781
  5441        0x1541      999A   39322    -1.5923226791645783e-23
  5442        0x1542      0000   0        0.0
  5443        0x1543      0000   0        0.0
  5444        0x1544      0000   0        0.0
  5445        0x1545      0000   0        0.0
  5446        0x1546      0000   0        0.0
  5447        0x1547      0000   0        0.0
  5448        0x1548      0000   0        0.0
  5449        0x1549      0000   0        0.0
  5450        0x154a      0000   0        0.0
  5451        0x154b      0000   0        0.0
  5452        0x154c      0000   0        0.0
  5453        0x154d      0000   0        2.3777232342663496e-41
  5454        0x154e      4248   16968    50.01300048828125
  5455        0x154f      0D50   3408     (no pair)
  6144        0x1800      414C   16716    12.800000190734863
  6145        0x1801      CCCD   52429    -107479040.0
  6146        0x1802      0000   0        0.0
  6147        0x1803      0000   0        0.0
  6148        0x1804      0000   0        0.0
  6149        0x1805      0000   0        0.0
  6150        0x1806      0000   0        0.0
  6151        0x1807      0000   0        0.0
  6152        0x1808      0000   0        0.0
  6153        0x1809      0000   0        2.303034026117837e-41
  6154        0x180a      4033   16435    2.799999952316284
  6155        0x180b      3333   13107    4.1676685214042664e-08
  6156        0x180c      0000   0        0.0
  6157        0x180d      0000   0        0.0
  6158        0x180e      0000   0        0.0
  6159        0x180f      0000   0        0.0
  6160        0x1810      0000   0        0.0
  6161        0x1811      0000   0        0.0
  6162        0x1812      0000   0        0.0
  6163        0x1813      0000   0        2.2993906501105923e-41
  6164        0x1814      4019   16409    2.4000000953674316
  6165        0x1815      999A   39322    -1.5923226791645783e-23
  6166        0x1816      0000   0        0.0
  6167        0x1817      0000   0        0.0
  6168        0x1818      0000   0        0.0
  6169        0x1819      0000   0        0.0
  6170        0x181a      0000   0        0.0
  6171        0x181b      0000   0        0.0
  6172        0x181c      0000   0        0.0
  6173        0x181d      0000   0        2.327276489550656e-41
  6174        0x181e      40E0   16608    7.0
  6175        0x181f      0000   0        2.2958874039497803e-41
  6176        0x1820      4000   16384    2.0
  6177        0x1821      0000   0        2.2993906501105923e-41
  6178        0x1822      4019   16409    2.4000000953674316
  6179        0x1823      999A   39322    -1.594909511844979e-23
  6180        0x1824      400C   16396    2.200000047683716
  6181        0x1825      CCCD   52429    -107611904.0
  6182        0x1826      40E0   16608    7.0
  6183        0x1827      0000   0        2.3218114255397894e-41
  6184        0x1828      40B9   16569    5.800000190734863
  6185        0x1829      999A   39322    -1.5948994144253922e-23
  6186        0x182a      3FCC   16332    1.600000023841858
  6187        0x182b      CCCD   52429    -107610112.0
  6188        0x182c      4000   16384    2.0
  6189        0x182d      0000   0        2.2958874039497803e-41
  6190        0x182e      4000   16384    2.0
  6191        0x182f      0000   0        2.3218114255397894e-41
  6192        0x1830      40B9   16569    5.800000190734863
  6193        0x1831      999A   39322    -1.5923226791645783e-23
  6194        0x1832      0000   0        0.0
  6195        0x1833      0000   0        0.0
  6196        0x1834      0000   0        0.0
  6197        0x1835      0000   0        0.0
  6198        0x1836      0000   0        0.0
  6199        0x1837      0000   0        0.0
  6200        0x1838      0000   0        0.0
  6201        0x1839      0000   0        0.0
  6202        0x183a      0000   0        0.0
  6203        0x183b      0000   0        2.2993906501105923e-41
  6204        0x183c      4019   16409    2.4000000953674316
  6205        0x183d      999A   39322    -1.5923226791645783e-23
  6206        0x183e      0000   0        0.0
  6207        0x183f      0000   0        0.0
  6208        0x1840      0000   0        0.0
  6209        0x1841      0000   0        0.0
  6210        0x1842      0000   0        0.0
  6211        0x1843      0000   0        0.0
  6212        0x1844      0000   0        0.0
  6213        0x1845      0000   0        0.0
  6214        0x1846      0000   0        0.0
  6215        0x1847      0000   0        0.0
  6216        0x1848      0000   0        0.0
  6217        0x1849      0000   0        0.0
  6218        0x184a      0000   0        0.0
  6219        0x184b      0000   0        0.0
  6220        0x184c      0000   0        0.0
  6221        0x184d      0000   0        0.0
  6222        0x184e      0000   0        0.0
  6223        0x184f      0000   0        2.303034026117837e-41
  6224        0x1850      4033   16435    2.799999952316284
  6225        0x1851      3333   13107    (no pair)
  8192        0x2000      4575   17781    3932.0
  8193        0x2001      C000   49152    -2.004239082336426
  8194        0x2002      4574   17780    3918.0
  8195        0x2003      E000   57344    -3.697168981243304e+19
  8196        0x2004      4575   17781    3928.0
  8197        0x2005      8000   32768    -2.4772154252334116e-41
  8198        0x2006      450E   17678    2276.0
  8199        0x2007      4000   16384    2.0042145252227783
  8200        0x2008      450D   17677    2265.0
  8201        0x2009      9000   36864    -2.529674375398946e-29
  8202        0x200a      450D   17677    2260.0
  8203        0x200b      4000   16384    2.004031181335449
  8204        0x200c      420C   16908    35.0
  8205        0x200d      0000   0        2.37379959856624e-41
  8206        0x200e      422C   16940    43.0
  8207        0x200f      0000   0        2.3715575210233204e-41
  8208        0x2010      421C   16924    39.0
  8209        0x2011      0000   0        6.998504920377434e-41
  8210        0x2012      C317   49943    -151.0
  8211        0x2013      0000   0        6.966134925851531e-41
  8212        0x2014      C230   49712    -44.0
  8213        0x2015      0000   0        6.97286115848029e-41
  8214        0x2016      C260   49760    -56.0
  8215        0x2017      0000   0        6.97005856155164e-41
  8216        0x2018      C24C   49740    -51.0
  8217        0x2019      0000   0        2.3855705056665686e-41
  8218        0x201a      4280   17024    64.0
  8219        0x201b      0000   0        2.3407289548081744e-41
  8220        0x201c      4140   16704    12.0
  8221        0x201d      0000   0        2.367633885323211e-41
  8222        0x201e      4200   16896    32.0
  8223        0x201f      0000   0        2.3541814200656927e-41
  8224        0x2020      41A0   16800    20.0
  8225        0x2021      0000   0        2.422004265739014e-41
  8226        0x2022      4384   17284    264.0
  8227        0x2023      0000   0        2.389774401059543e-41
  8228        0x2024      429E   17054    79.0
  8229        0x2025      0000   0        2.3948190755311124e-41
  8230        0x2026      42C2   17090    97.0
  8231        0x2027      0000   0        2.3920164786024627e-41
  8232        0x2028      42AE   17070    87.0
  8233        0x2029      0000   0        7.033257122292689e-41
  8234        0x202a      C40F   50191    -574.0
  8235        0x202b      8000   32768    -7.033116992446257e-41
  8236        0x202c      C40E   50190    -571.0
  8237        0x202d      C000   49152    -2.0119659900665283
  8238        0x202e      C40D   50189    -567.0
  8239        0x202f      C000   49152    -2.011967182159424
  8240        0x2030      C412   50194    -586.0
  8241        0x2031      8000   32768    -2.4609603630472437e-41
  8242        0x2032      449A   17562    1237.0
  8243        0x2033      A000   40960    -1.0864722662790796e-19
  8244        0x2034      449C   17564    1252.0
  8245        0x2035      8000   32768    -2.4612406227401087e-41
  8246        0x2036      449C   17564    1253.0
  8247        0x2037      A000   40960    -1.0842021724855044e-19
  8248        0x2038      0000   0        0.0
  8249        0x2039      0000   0        0.0
  8250        0x203a      0000   0        0.0
  8251        0x203b      0000   0        0.0
  8252        0x203c      0000   0        0.0
  8253        0x203d      0000   0        0.0
  8254        0x203e      0000   0        0.0
  8255        0x203f      0000   0        0.0
  8256        0x2040      0000   0        0.0
  8257        0x2041      0000   0        0.0
  8258        0x2042      0000   0        0.0
  8259        0x2043      0000   0        2.497113863426824e-41
  8260        0x2044      459C   17820    5001.2001953125
  8261        0x2045      499A   18842    (no pair)

Identity block (0xF100-0xF115):
  ADDR(dec)   ADDR(hex)   RAW    UINT16   FLOAT32(this,next)
  61696       0xf100      5369   21353    1002462052352.0
  61697       0xf101      6765   26469    1.083453372268266e+24
  61698       0xf102      6E20   28192    1.2404604843364499e+28
  61699       0xf103      5365   21349    985400541184.0
  61700       0xf104      6E73   28275    1.883489662558578e+28
  61701       0xf105      6F72   28530    7.493445468177774e+28
  61702       0xf106      2054   8276     1.798368199872709e-19
  61703       0xf107      5058   20568    14507379712.0
  61704       0xf108      2D43   11587    1.1100453889412165e-11
  61705       0xf109      4800   18432    131072.0
  61706       0xf10a      0000   0        0.0
  61707       0xf10b      0000   0        0.0
  61708       0xf10c      0000   0        0.0
  61709       0xf10d      0000   0        0.0
  61710       0xf10e      0000   0        0.0
  61711       0xf10f      0000   0        0.0
  61712       0xf110      0000   0        0.0
  61713       0xf111      0000   0        0.0
  61714       0xf112      0000   0        0.0
  61715       0xf113      0000   0        0.0
  61716       0xf114      0000   0        8.828180325246348e-44
  61717       0xf115      003F   63       (no pair)
